66.0
57.333333333
67.333333333
88.0
45.0
63.666666667
75.333333333
49.0
74.333333333
56.666666667
65.0
51.333333333
65.0
44.666666667
62.0
83.0
65.333333333
60.0
67.666666667
62.0
54.333333333
89.0
50.333333333
74.666666667
57.333333333
68.333333333
69.0
55.333333333
59.0
74.0
83.666666667
71.666666667
47.333333333
66.0
80.333333333
71.333333333
73.0
46.333333333
61.0
65.333333333
78.333333333
61.666666667
59.333333333
44.333333333
49.666666667
75.666666667
49.333333333
77.666666667
51.0
55.333333333
46.666666667
84.0
96.666666667
50.0
50.0
57.0
67.666666667
64.0
70.0
45.666666667
48.0
55.666666667
65.333333333
85.0
81.333333333
60.0
42.333333333
63.0
66.0
62.666666667
70.0
50.0
45.666666667
84.0
49.666666667
42.333333333
63.333333333
65.727272727 62.090909091 61.311688312